11100000000011000011011101111011
01000100100010110000111001101100
10101101111111101000011110110011
11001001100010011110000001001001
00100011111011110010111010111111
01100110010000111101000110001101
11010110001010011100011110110011
11111100110100100000011100011110
01011100110110011111010100110010
10011101110011100101101110000011
10111111100010011110100100101001
01010000100001101101001111100011
10101111000000101010110001101001
10011101110011100101101110000011
10100011010100110111000010110011
10010100111110000011110111001101
01011100100010110111001011011100
10100101011111101101110100011110
11110011001001101001101011001100
10000011101000101010010000111101
11010110001010011100011110110011
01100001101000011010111101100110
11010110001010011100011110110011
01000111110101100110101001110101
01100110010000111101000110001101
11010011101111001100111001010011
00001010011000001011100111001000
01000110111100001000011011000001
00100100011111010111110111000010
11000111001110110111100100000101
10111001001101000010010100000011
11000110010111010101110111110011
11010011111001000100010001011111
11010111000000101011011110010000
10011110111000100111000100111101
10000111100001010111000101100100
00111111010111011010101010110001
11110001110000011110011010000011
11110001100011101000010000101000
11010010100101111011111001110000
01111111001100111001110000101001
00111001110000101010011000100000
01101111100011011000101110000011
11000011111101111000100111001101
10101101100001000111110000010011
11111000001100101100110001100011
00100101111100111100111000011000
01000110000000111110111111100000
01100110010000111101000110001101
00100110100000010101000110100000
01111010111001001001011010100110
01011100001110110101000100111101
00011101101010001011100100100111
10011001000110101010011110000111
11100100010100100111101011011101
00000000000000000000000000000000
00000100000101100010001111011110
00010011110100101001011100101111
01111110011010010000001110001111
01001111101000111011000001101101
11101000010111110001110100100001
11001100100001111010001100011010
10110000110110001011011100000010
10010101010001101111011010010001
11101010010001001011011000011100
11001000011101010010011111111000
11000101010101011100011001110011
00011101011101110010111010111110
10011000010110110101001001100011
00011100011101000001101101000110
01010000001011000000011101100001
11100110100000001111000011010000
00011110111010110110110000101101
10100010000010011000011111100100
10101000101001001110001010000111
10011101110011100101101110000011
10110110011000011001010001011100
00110000111111100000111100001001
00111110100001100010010011000100
00000000000000000000000000000000
11000100110100000010000010111111
01100110010000111101000110001101
01001011111001111001110000110000
00101100011110110111010011011101
00110100100100000000110011010001
11010001011101000100001100111011
10001111000001000101000001100101
11010110001010011100011110110011
00000000000000000000000000000000
10101100110011111111000011110101
01101000100111000011110001111100
01100100001101111111111000000000
00100011111100101100101111111010
11010110001010011100011110110011
11010001001011110001101000111101
01001111100101110011011011001010
11110111100110110100011000100011
10101011111011110000001010110100
00000000000000000000000000000000
01110100101110100011011010000001
11010110001010011100011110110011
11001001000100101010101011111010
00000000000000000000000000000000
10100000010100001000001011101000
00111010101111110010101001101100
11001001000100101010101011111010
10100111011000110001100111100000
11100100011010100101011001111010
01100100010100101110100110001001
01111001111011001100111001110011
00011110001010111101011111100000
00111111101010100011101011001110
00111111010111011010101010110001
01101011001011101110010001100101
11100100101101101110011101000111
10111111000000001000001010011111
00111111010111011010101010110001
01110010011111000110101010001110
00011010000010110000000111010101
11010110001010011100011110110011
01011111011111011110010011001010
11100110000111111111110101101111
11010001001010100101100111111101
00100111110111101000111000011010
00000000000000000000000000000000
01011110000010010011111010110111
01111010000111110000011100011000
00011011010110111001100011011000
11101101100001111100101010000010
10011101110011100101101110000011
01100101001011110101110111011000
00000000000000000000000000000000
11101001011101000110110100000010
11011110011111100100010000010110
10011101011011101001010111111111
00000110011101001111110100110011
00010001000110000001001111011111
00111111010111011010101010110001
11100000001011011110100000100011
00100001001010000001011001001110
11101000011110100010001110010101
01011001110100110111000011010111
00100110000100100011101011001011
10000010010110111111001001001111
11001000010011000011011100000111
11111100000011011111100001110110
01111111010011100111010000100100
11011000001110001010100100100011
00010100110001100110101110100100
00000000000000000000000000000000
11110010011110111100100100110000
01010101000111000111000011111000
10010101011100010111000011101100
01101110100100111001000011111010
11100000000110100101010011111000
10011101010110101101010101110000
10100110100010000100101100001000
01011110110000111001111001110110
01100111111010100001110101101000
00001100010101001001111100011010
01110100101110100011011010000001
00011111000110011000001000000111
00110011010111111010000101110101
11111110000110001000001111101110
10010101100001001110011000000111
11100101111001011100000011101101
10101010000101101110100001011111
10000011100011011001000111110111
00011010011010010011110101000100
01011000111100110000011101101101
01000101111111100100011111001101
11010110001010011100011110110011
10010110110010111100111001100000
00110110001000010101100100110111
01011100100101101001011110011001
10101010111000100101110101011000
00011101111100011110100110111001
01101010011100001001011101000011
10100110100000000101000110100101
01000011010010111100011010101010
10110100001000110001000010110100
01010001010010011111100010011001
11111010101011111011011011010001
01100010111111011010100001001110
00001011111101001010001001000000
00111111010111011010101010110001
10111000010100001111011001011100
11011101100000101000110110001000
10011110110111011011110110001000
01000100111011111001001010000101
11100001001000111110111010100111
11101001011101000110110100000010
01111100001111011000111000001100
00100101111100111100111000011000
01101000010100100110100010101001
11010110001010011100011110110011
11101000010111110001110100100001
10010001110101100110101010001100
10001010010111100010011000001000
10001111111000100110101001001001
11111010101110110001111101101000
10100000110010000101000001010100
11110010110001011101111100111010
11100010100001101010111110101111
01011100100010110111001011011100
01110001011101100110111111111111
11010110001010011100011110110011
00010111100010100110110000111110
00101001010101000000011000100101
00100100100111101010101000000000
11000100110100000010000010111111
01001011100001010000011000100100
11011010110101110101111100010000
10000000001000100101011101111111
11010110001010011100011110110011
01101110111101010101101100110001
00001111010001100011110011101110
11100110101010101001010001101110
11101001011101000110110100000010
01001011111001111001110000110000
00010101111110000011000111101001
11111100101011010111100001001111
11100010100010110000100101011010
01001011111001111001110000110000
11100000000110101010100101010010
01101000110110000000110001111001
10010110000110101011011011100001
00101000110100100001111110001001
01001011110101000010010011100110
11010111000000101011011110010000
00100010101001011001110111100000
01001001111111100101000010011110
10101101101110100011001001101000
10000000111110010001001101011111
10011101110011100101101110000011
10101001111000101101111110101001
00110110100101100011011011101111
00111111010111011010101010110001
11100000000010001001111010000100
01010010010101000100101111001111
00001011001010000111111000000101
10000100110011111111100110100010
11010110001010011100011110110011
10110000110011101010000111100111
10100010100100111111000100110010
00010111101000101000000111111111
01001011111001111001110000110000
01110000101010101111001110110011
00101100100011110011110110011110
00101100110000001100100001011100
10101011000011001011111001011011
10011110100000111100010110110111
01010111100110001110101000011011
00010001000110000001001111011111
01011011010111001000110111100101
01110100101110100011011010000001
01010001111010100111010111110100
01110101100100010100011010100010
01101111110100111101011111001110
10011011101100101000000011010000
11010110001010011100011110110011
10100010100100111111000100110010
00011001110010101101001110101010
10100111101001000100100001001101
11110010100011110010111110110011
11110000101111111011111110000010
01001011111001111001110000110000
11111011001011001001000011100111
00101100100011110011110110011110
01011010111111111000111111101111
11100011101101010111100100001001
01010111110101101111010000001000
10001111001101111011110010001111
11010010000111010100111111111011
01101011101000111100111101001111
10101001000010111111101000101100
00111111010111011010101010110001
01100110100011111100110000011101
11101001011101000110110100000010
01000100111011111001001010000101
01011001000111100111101100111100
01011000110111110110010101000010
10111101101010111100010100010011
11000100111111001000100011110000
11010110001010011100011110110011
00011011100001010001010010001010
01001000110101110001110111010001
10100010000000100100001000100011
10101110000111101010010001111100
00011011100001010001010010001010
11110101111000001100011011000011
01010110101111110100001110101001
10010010110010110111010111000001
01110100010000111110011000100110
00000000001001011110001010011111
10001100111101010010010001010011
00001110010000111000001110111101
11000000011011100101100101111100
01000101000100010110010011001111
11111111001100111111001111001101
11010110001010011100011110110011
10011101110011100101101110000011
10011110010100010110011010110110
11101101110010100001010011000001
10001100100110111011110111010001
10011001011100000010001001000000
00100110100111100001001010111101
01001111000100010000101111100001
01000000001110110011110000011111
10111011011100010011100101001101
01111100100110000100110111110101
11010011111100101111110000001000
00001100000111010100111101100001
01101011110011110110100110010011
10001100100011001101011011000011
11000100000100001010011110111111
11010110001010011100011110110011
10011010110111111110010011001000
11010110001010011100011110110011
00001011010100100100001010010100
312
