11010011111000010001000001101111
10100111110111111111000100010000
11100000100111111001100100000000
10111010110101011111000100100001
10101010010000011101101011010011
10000011110101000011000001100000
11000100100001101010110100011001
10110000011111110000110000111101
00110011111110000100010010010101
10100101011000010111100110010000
10100011011100111110000011101000
11010101111000110010101000111001
11000011100000011111000100010011
00101010001011101011110000101111
01100001001010111001011001110111
11000000111011110001101111100001
11000111110010100100001010010001
00011000100110101001010100010111
01110011001111011100010111110111
01010000101111111000111110110000
00100001110010111100110000010100
01000011101011011010011110000000
01110101100001100101101111001001
01110000011001101011111010000011
10001010111001011001001010001011
10110100000011111000000000110111
01000111010011100101011001001000
00001000101010011011010010111111
01001101001101000111100111010010
00010111010010011000110011111101
10110110100101001110110011011101
10110101000000001011100110111101
10011011001101101011011000111010
00111110000100110100101010000100
01110111110111111111010100001011
10101000110001010001110001011100
00010101111111001110001101101100
00000001011101111001000101110110
01110110110010101011010110111111
10010011011100011100111011000110
10011011110100011000101111011001
11111101101001000110100100001111
01110111101111001000111001111001
11101011101010101011000001101001
11010111110011000110011010000010
10010001110101000000101011000100
11101101001111111111100111111011
00011010100100110101110010011010
01010010101111100111111110110010
01000011011010000010001011010000
11011011000100110011000111100000
00000110000110110111110000001010
01011110001001010100010000000011
00110110011111101000010111010001
00101111010010110010001101111010
10000100110111111000100110100010
00011010111110011000011010101101
10110100001001100111110110101011
10100100011000011110111001001110
11011011010011110110100000000100
10001101001101001011011110000011
10110110100111011010100011101000
01010111011011000000011001010110
10011111110010011010111100011111
01011010100011100100001100010101
00101100011001101001001111110011
01110001001011111011110110011000
00001110100111110001010001011100
00000100110000000110101010101100
00100010101101000110101010111000
01110011011000101011110100011110
10100000101001100100010000100010
11010000011101011110111101011011
11111111110011110100000110011101
00000110010101000010001111010100
11100110011001001001111111101001
01111011010110010011001100011100
01000000001101000011010001111101
10001101110010101010010001011110
01001100101000000101011010001111
01100101001110101110010111101111
11000011010101001100110001000100
10111100100111011101100111010101
11111100110011011111000000010111
00111111110011001000110101011010
11010101100101010011110001110001
10010010000101100111110111100000
00011011010100000000111111011000
10110111100101011000001010100110
11101001011010101011011011000010
00110011111100000101111001111011
11110101011111001010100010000110
00000100000111110001001111000111
11011101111101110100110111011010
00101011010001101011000101011100
11111101010101011010110100100110
00111001010110111101101011010010
10001100000111111011101101100111
10000001011111011101000101011100
01010110110011111111001100011100
10110100011011010000001011010110
00111000100010001001110001010000
11001111011111010101100010010110
01001010000110001011111010000000
01010010100010000101001010000101
00110111011111011101110001000001
01001000111011011111001111000000
10101111111101100111000001010011
10001011000000000110010101110000
00100110010000101010000000010001
11010101000000101101100110100111
10110001101101100001110101101010
11110111011010010111010000101010
00101011101000011110010111111000
11110111010000110001000000001110
11000001000001111111011111100101
11010101110111010011100001011110
11111110110101110011010101001110
10000010101000101001010011101010
10100001001111101101000111100111
11011000011111011111110111010001
00111000110101101001101111101111
01000110010100101110011000001101
10111101110011010110100101001101
01110111100011000000011000010000
00010101111110111011100100010100
01110000000101000001111011111011
11110011010110101000000001010001
10010110000011011011110010100110
01101100011010011000000100011111
11010001010101100001110011010101
10000111110101111101100101000000
01010100101110101010000011010100
11011110010101101000000110100111
00101001001011010101101100100011
11000011111100000001111111100101
11101011011000111110101101110011
00111110000000100110001110111011
10100110110001001101111111000000
10000001101101000101110000000100
01010101111100011011001011110011
11100000001111110110001101001001
00010011100101010110001001100000
10010001010101111111011010111110
10000000000111101110000100010100
01101001001010010001011011011000
11011011011110101000111010111011
00101011001011011101011110010110
01010110000010000010101000110001
11101001010101000110001011110011
00100010011001011100100101000100
10011011010110110001101001111100
10000101010010010111000111101010
10101111000010011001111101100010
01101101011001111010100010000011
01010101101011110100111110011011
10100101010110010101011101100011
10010001111001000100110101000011
11101110110011011100100101010000
01101000101001001001101110001010
01101000011010001110110000100010
11110010100111000111101110111000
00111000111101100001011011101101
01011000100101110110010110010101
00100011111100010000100000110100
00101010101010001100100110001111
00000011001010101100001000111000
01000110010011000000100010010101
10111001001011011110010000000000
00001101000110011101010101011001
10001110000011110011001100000100
01101110110000110011001101101101
01001010011001100010010000000001
00111100011011100011010001111010
00110010001100000100001101011111
00110000101100100101100111100100
11111100010100010101110111001111
00101101010111011101011000101100
10110110101000100000110010011001
11110101111110000000001110110100
00000100000011101010100110101001
00101101111100110111010011110100
01100100111011001011100011101111
00001110111010001111101111111110
11111100001000001100100001100011
10001000010001011100111011110111
01111101010010111100100111000110
00100011111011100010101010000001
11000000010000100101110110000000
00001110110000001001101110001110
11101011010111010111010111011011
10000100101101011011010000111100
11101111111010000101010010011001
01001110000010011110101111010100
01001100000110010001110001000010
11000011100110111101110101111001
11001010000000100110101001011111
00111110111110110101000100011001
10110011110001010111110001000011
10011001001100100110001111000101
01101110111100110001000011110000
01100001001110101011011100001111
01010111000000001011110010001111
10100100100011100110010110001101
01100011100001010011011001111011
00000110010010110000100000100001
00001011111010111110110001001100
00111101010101010101111010111001
11101000100101010110011110010110
00101011110110010010001010100101
10101010110011010001000001000001
11111010001110100000111010001011
01000011110110000010110111110001
11110011010100100100100111000100
01111100011011100101001100001000
11111011001010011100000111010010
11110101100010010111010111101101
10011101110000111110111001011100
01011110000100000011011000110101
00110111100000100110000011010101
10001101010101100101101011111101
10110101111010101111010000011100
11110001101110010101010100100101
10011110111110101101001011000101
01010010111101011101111100011100
10110110100100000100111110001111
01010101111100000000100000010000
00100010111000100010000100110110
11000101011000100001101010000110
01101011001110101001110100101011
11000010011011110101100111100010
10000001010111011111001010000101
10111110110011011011110110010011
10011111000010010100101110111101
00100100011000110000011110100001
01100000011100000100100111101101
10010111001011101011011101000100
01111101100101010101110110010010
10010011110010101001110000000110
01110111111111000100010111101110
11001110100100100101010000011110
01010101001010010000110100000100
10001111111110010101101011100111
01110010000111110110101100101101
01100111110111110111111000001110
01010100111100000100101011110010
11111100000111010111001111001101
11110000100010110101111101110011
01111111101100010011010010111011
01000000000100010000011110110011
11100001111000100001101000111101
11001110010010100111111100010001
00011011101101011000110000001110
00010010000000010011100001111110
11011101101011110000100010011001
11011111001011001101001111001010
11111011111010010101100100000100
11001000111111111000100000100111
11110001001101010011000111010101
10110101110000001111010100111100
01010010101111111101100110011100
01111011011101011101111111011111
11010111110010000000001110001010
01010100000000001010111011011011
01110011001000101001101011100101
10111010010001101111111100001011
10011000111011001100101111010100
11100110111010101000010010101001
00100001100111001001011100011001
10001111001111000011010101010011
10000010001001000011111100111010
01100011101010001011101011001111
10000111001011011010010110111011
10011111011010011100100111010000
10100101111110010111001001110101
01001000010010011101000111010111
10000101010011000100110010001100
00100110101110001110000100000101
11101110000101111011101011110101
10010110010000110111000110011011
11010011011011101011011111000011
10101110110101111000010011110001
10000010000100001011011111001111
00101101111111001000001100001000
00101000011101100010010111100100
10100111011010000000110101110101
10101011111100001110111001110101
00110101001011011001100111101111
11000100000101101100110110010101
01110000010010011100010111010100
01111100101001000101011111001001
00010111011110010110001010001100
00000110010010110101000111101110
10110011110011011010011110011110
00101101111101011111110000110110
10111101110011001011111011000011
10101000000010111101000111010001
10101100111011000101110010011001
01001011010100100100010011001100
10100001000011110010110110111001
11001000001011010111011111100110
01110110010010010101100011010001
00000001001111101101001000101100
11010010101110000001100110000111
01011111010101000100011110111000
01110000000001010011001101010010
01101011010100111100110101010000
01100111001000000010001001100011
01010010111100101000000110110010
00100110101100001110000000001000
10010100001001001100110001011000
01100010110111011010100001111110
10111010000000010101011110000000
11110010001100111011001100011010
01001000001000100010101000110111
10110101100100000001011100100000
11000101101011101100111010100111
10101100011111111001001011101010
00011101001101001101111010100100
00011011100111010011100010011111
00000100001011111010000010101000
10010110100111011000001010000010
10111110111010110000111111100111
11111101011110011100011111110100
00000111110110111010110110100010
00110001011011101110111100010000
10101010100110111000011000000010
10001111011100110001010010001010
00000110110110010001111111101110
00110111000001011111000001101011
330
