01001000101110001010000100111110
00000011100111001001110110001110
01100101010101111010101100001110
00001010110011111000001111100001
01110010110101101001000011110001
10100000010010111011111010101111
01100011111100110100001010100001
00010000100110001011110010000100
00101000001100011100111000000000
01001110100111010001001011001101
00111000101001011110011011000100
10010110101100100010101111000110
01001001010010100000001100101100
01011101000011011111011010100111
10010010101111000101110111101000
10000011001000001011111001000110
10000110001111011100101100001111
00011010101111100110011011101011
01001110101011010011100000010110
01101100100001110010101111111011
11100001100100011101011010100011
00110000000110010011101001111101
11111011111110110010000000000110
01001110001011100011011011110100
10101111011101111100100000110101
01000001010110000011011010011011
10110110100011111110011100000010
11001001010110001100101100110001
11010101100001001111000111110001
10001000010011001000110001101110
10010110100101000111110111110000
01111100110001100000000011111101
00110011001010100101011111110011
01110110111000011010111001000101
00000011110011010101110010000110
10110101010000000110111011011011
00011110110101100110110110101101
10001001000101011100011110110010
00110101001110001111111001011011
10011111011001000100101101111100
11010100000011011010110010100001
11001010111111100100010101011001
10010000100000001011110101010101
10110011010001101110110110000001
01010110100011011101000111000101
11000010000001101011000110000001
10111000101011011011101000111000
00011101101011001111001111000010
10100010010110110100101111010111
00011010011010011000100001100111
10000010111111101011111100111101
10001000011100000001000000100000
01001010111000010001011101111101
00101101001100101100110011100010
00101001011011010101111000001100
00100110100010001111011011001000
01100110110010000100010000011001
10001001100001100100111100111000
10110011100110111100110001000010
10111111001011100100001100111001
01001111001111010001100001110110
10101001000111010100001001100000
11110110010111001101000001000101
00110011100100011101111100101011
11101110100001011101001001011010
10110000111101101000110100110010
10010111011110111101011111010110
01011100000010011010000101111100
10001010010001001001010001101100
10111000001001100010111100100000
10011110110001110101100101001100
11101000010101100010000011101000
11111010000000100110001111100111
10000110101010100001100110110011
00110110010010000011001011110010
11011000011101101110011111111101
01100101101100011011100101100100
00001111100110010101101110010111
00110000101001000110010100000000
10101110001001011101110111100110
01000101001110011111001111011001
00100010111011011111011000000110
00111100001001000011011011100110
11000001100111010110010101111110
11011100001001110011110101001111
10110000100111100111010001010010
11001010010011001111110011111100
11001100011111111100011000111000
10100011111011001010001001110100
10001100100011010001011000101101
00010100111110111001111111000101
10010111011010011001100110100101
10101111100100000111111101100001
01010110110000111111111000010111
11010110010110111101100010110100
10111010000000010101100110111111
11001000010110011010001000110110
11000101011110001110101011100111
11101011111100001100000011001011
11100111101100111000000011000101
10010000001000111001001000110001
10011100000100000100101111010001
00011001110011101111000011111011
01011101011110000001111000101110
00100011000110100010101101011000
10001110011101110101001011110110
10101000000001111010110000010000
01010101100010110001110010100010
11110001100000011101000110101001
01011011110110100011010100111000
00001111000110111000101001000110
01101010010000000010110001010010
10010111111010001011011111111000
11101110101111100101001001000100
00110000011011111010000000101101
00100111001011101110010000111101
00110000010000111011001100110101
10110111001000110010100010010111
10110100010001101100001111000101
00101100100010001110110000111100
11101001110001101010101110110001
00011110010100011011011010101100
01011000110010010010111011100001
10011111111000100001010010011011
11000011110100110101111011000101
10000110101010101010111111110100
01110010101100011110111000111010
00000101011001011010001100010110
11111110101111101010111111011000
11101011111101011100010001111111
01110100100110100010111101001000
10101100111000101101001110111000
01000101100110011100110101100001
10000110011010100011011011110101
10000110110010111100000011011001
11000000011001101111101101101101
11101110100101100100100001000011
11010010101110010000010000100011
11000001011011000011000000110010
11010010010010110001001011110001
01100010011110010010110100111110
11101010001011011001000010010100
11101111101011111000001010111010
00101100010111101000111000010010
10000000110111101110101001011011
01110101010011111011110011000110
11010000111001000111010111111100
00110000000101011101011110100000
10110000100101000110111011000110
01110010000011000100101101110000
11100111100110010010111010011110
01100111100100111010110101101000
01101011110111101110101011010110
01010111011001101010100000101111
10010011100101010110000001011011
01101100000000001000101101011011
00100011001001011111001110011010
01111010101001111110101111111010
11110001000011011110111001100100
10110101110000001011010100001001
01010010110111111100010010000110
01011011100000010000011010101101
00011110000110001000010101100110
10110101111011110001010110100101
10000101011111001101111001000110
11000101110111111010011110111111
11101101100110101110111010001101
00001101110001111110011010101010
00000110111010000100001000000110
00000101101100110100010111001010
11011011110001111000000011110101
01010011100101010000111011000110
00010010111110010011000000011110
00011101100100100110110000010010
11110000111011111111111111000111
00011111111101111101011100110011
00110000110101100101000001101100
01110110001000001110100111000011
11110001111010011100011000001000
01010111001000001111111101100000
10100001011100000001100010111000
10100001111110010000111000111000
11101101101011010001000001100111
00001000010111111010001010100111
11100100111010111011111100000100
01010000011000000100111010011001
11010101000101011011001010000011
01101011011001001010111110011010
11110011101110001011110011001001
01101111001001010111101001000000
01111001101011101000011011110111
01010100110111000001000001111001
10000111010101001000010010111001
01111011111100101100111011100110
11111110101101110100101010110000
11100100100111011111101000001110
00100101101001101101000100010001
10111010111110011101100110001001
01000011101101110110010000100011
01001010000000000011010101001010
01000111001010111111011101100111
01101110101100110110100010010101
10011010000111111000100110001111
11000101101010110001100000001111
10011010010000100101000101111111
10101011010011010001010001010111
00110011000001010001110010010110
00101010100011011100101010010001
01001000011010000011110100100111
10111110000001011001110001010101
10100100011110101111100010110000
10100010100110100111001110101011
10110001111001011101001000111010
00100101110010101110011101001011
11001110001010001110000000011110
10001100011001111101010011111011
10101001000111110100100100010111
01010011011110011001011111110101
00100011110100101010010101100011
10000101110110101010001010101011
00101011001110111000111111100110
11111100011111011010100101110100
00101001011011101001001000101010
01000001100100011011110011001011
11000001100101101101111111001000
10010100011010001001000111000011
11001011111111110111111001010100
11110000110000100000100110000101
00001001100010000010001110100000
11010000010111110110111010000000
10111000101110011000000000101111
10101000011111100110000001010010
00010010111110000010100111111101
01111011010011011001010001011000
10011010111111000010101100111111
00011101010111011101001011111100
00111001010111001001010010110100
10001100000101110001110001000010
10100101000010100010011100100101
00001010010011110001001011001101
01010101001000100100100101111000
01010110001101010101001010111010
10100010100101110101001100001110
01000000001011110100101001011101
11000100000101001010011111101011
01010001111100011100000101010100
00101010010100100110101000100010
01111111010100001001010011010100
11110101100101101111000000111100
11111101011110011110101110101001
11010101011111000110101101101011
11100101011110000110111001000111
00100110101110010111110101000011
10101010010001111101010111111010
01010011010010101001000011111111
01100000011111110011001000001001
11111110101001001110111111100001
10010000111010100110000011011101
01010001111101110000000111001011
01110101110111011001101111101101
01010001001111011110001010010110
01111110010110101101000001100000
00010110110100101101001010111100
10011111101010110000001111100010
01111000010001100110010000010101
00010111010101101110010111000010
10001000001011000100010001011000
11011101011101111010010000001101
11110000110101101010010011111101
10011100000100111110111101000011
11111100000111101111101111111001
10101111100011111100001110111000
11101011100010111001110000010100
01001110010000110101100100101100
00011111000110010101000011111010
11001100011111010111101100010010
00101110001000110010011100010011
00111110011010001110111100110101
00101011010101001110110000110100
10111001111000000111110100010100
01010111010110101111110010011110
11011000101010000110100110011100
11110000101100110110110000010110
01000111111010100100001011011000
01110101011110010010100010111110
11010010111010000100011110010000
11011111110110011010011011101110
01111010101101111110000011001000
11100111010100010010010111010111
01011000110100101101000010010011
10011000110110110010100011100010
11101010100101001011101101100101
00010011110001001011011010000010
00100101000100001101001001010001
10010110111111010111101000000100
10111001010111110101001011101110
11100001111011010000010101011101
00101110100001011110101000001011
01110110101001111000000001000011
10100001000010000011011010110101
11001100101010010111011111111010
01110011000111000101111010011111
00111110111001010001010111000010
01100110100001110001111010000100
11101111100000110111101011011110
00001101011111100100101001001110
01100101011010001101111111111001
01111001100110111101111110110000
00110111110110100001100111011111
11001011100101001110110101000110
10011100011110001011010010110111
01111010110110000010101011010110
11000011100111001110010111011100
11100111110111001000011001000011
11101101110000101000110111000011
11101011011011000010111011001111
11111110101011000000100011110101
01111111110000110001001010000010
00111111001001011110000110100100
11111101001101110001101001101001
01101110100001000000011100000000
01001000010011111011111110000000
01111111011101101000011100001000
00101000101101000001010010110100
01010010010110000000111100111010
00101000101100101101010010000110
11001100100100110001010001011110
10100111111110001111110010011010
10101010101111000100010110010010
10010111010000000110111011110000
01010010001110101101011110001011
01010000001001110110000100100010
01100010110011100010000011001110
00011100010010100111111011001111
01111111100001000110101100010000
11001110001000100111100101101001
11010010010011101001000010111100
10100110111011110010110111000001
01001001001011111110010000001001
10111110001111110110011101111001
01100110000111000111011111110111
00011000000001010000111001011000
00110010001000101000001011111011
01001001111000100111011011010110
10111010100000101001110111110111
00011001000011110110011011010100
11111010110101011001101001001101
01001100010100001010100111011100
01100111101000001111011110000001
01100011000100001101011000110010
350
